00000000000010000000000010010011
00000000000010000010000010001101
00000000000100010000001011001101
01000000001101001000001011001101
00000000010000000010010001000101
00000000010100000010100001000101
00000001001000011000001011001101
01000000001000001000001011001101
00000001111101111000001001100011
00000010000000000010001000000011
00000000010100100111000110110011
00000000010100100110000111110011
00000000010100100100001000110011
00000000111100000000001101001001
00000000111100000000001110010011
00000000111001110000010000100011
00000000111100000000001111001001
00000000001000001111000110110011
00000000001000001110000111110011
00000000001000010100001000110011
00000000100000000011110000100011
00000001100000000011010010000011
00000001100100000010010101111111
